%YAML:1.0

#common parameters
#support: 1 imu 1 cam; 1 imu 2 cam: 2 cam; 
imu: 0         
num_of_cam: 2  

imu_topic: "/imu0"
image0_topic: "/stereo_l_pub"
image1_topic: "/stereo_r_pub"
output_path: "/home/tony-ws1/output/"

cam0_calib: "cam0_pinhole.yaml"
cam1_calib: "cam1_pinhole.yaml"
image_width: 720
image_height: 480
   

# Extrinsic parameter between IMU and Camera.
estimate_extrinsic: 1   # 0  Have an accurate extrinsic parameters. We will trust the following imu^R_cam, imu^T_cam, don't change it.
                        # 1  Have an initial guess about extrinsic parameters. We will optimize around your initial guess.

body_T_cam0: !!opencv-matrix
   rows: 4
   cols: 4
   dt: d
   data: [ 0.01014916,  0.00517993,  0.99993508, -0.00088805,
                     -0.99988388,  0.01142013,  0.01008949,  0.01133131,
                     -0.01136712, -0.99992137,  0.00529523, -0.01421815,
                      0,          0,          0,          1        ]


   #[0.00366958,  0.0318901,   0.99948465,  0.02643257,
    #                          -0.99995027,  0.0093855,  0.00337183,  0.06002952,
     #                         -0.00927314, -0.99944731,  0.03192295, -0.00877935,
      #                         0 ,         0,          0 ,         1        ]


   #0.0148655429818, -0.999880929698, 0.00414029679422, -0.0216401454975,
    #       0.999557249008, 0.0149672133247, 0.025715529948,  -0.064676986768,
     #      -0.0257744366974, 0.00375618835797, 0.999660727178, 0.00981073058949,
      #     0, 0, 0, 1]

body_T_cam1: !!opencv-matrix
   rows: 4
   cols: 4
   dt: d
   data: [0.01182314, -0.00272095,  0.9999264,   0.00374245,
                    -0.99987399,  0.01056202,  0.01185126, -0.10909869,
                    -0.01059349, -0.99994052, -0.00259573, -0.01456174,
                     0,          0,          0,         1 ]

   #[0.00146073,  0.04160043,  0.99913326,  0.0278737,
    #                         -0.99995403,  0.00952944,  0.00106516, -0.07832117,
     #                        -0.00947687, -0.99908888,  0.04161244, -0.01044383,
      #                        0,         0,         0,          1]

   #0.0125552670891, -0.999755099723, 0.0182237714554, -0.0198435579556,
    #       0.999598781151, 0.0130119051815, 0.0251588363115, 0.0453689425024,
     #     -0.0253898008918, 0.0179005838253, 0.999517347078, 0.00786212447038,
      #    0, 0, 0, 1]

#Multiple thread support
multiple_thread: 1

#feature traker paprameters
max_cnt: 150            # max feature number in feature tracking
min_dist: 30            # min distance between two features 
freq: 10                # frequence (Hz) of publish tracking result. At least 10Hz for good estimation. If set 0, the frequence will be same as raw image 
F_threshold: 1.0        # ransac threshold (pixel)
show_track: 1           # publish tracking image as topic
flow_back: 1            # perform forward and backward optical flow to improve feature tracking accuracy

#optimization parameters
max_solver_time: 0.04  # max solver itration time (ms), to guarantee real time
max_num_iterations: 8   # max solver itrations, to guarantee real time
keyframe_parallax: 10.0 # keyframe selection threshold (pixel)
